0.000000000
-0.083096407
-0.321741074
0.191272289
0.238544703
-0.298485160
0.380900592
-0.139499798
-0.203754634
0.291170955
-0.061654653
-0.012803397
0.366085291
-0.222898915
-0.195931077
0.173658654
0.187063351
-0.175847888
0.078354597
-0.035070486
-0.333223194
0.111789517
0.403923303
-0.271591544
0.103020296
-0.035246424
-0.186767817
0.101153702
-0.183347955
0.075544029
0.332039922
-0.127879813
-0.171287417
0.165935948
-0.038562119
-0.082973495
0.060064908
0.170430422
-0.013806291
-0.267587751
0.424148023
-0.457209915
-1.135211587
2.064272165
-0.745362878
-0.507736683
0.727128565
-0.061965983
0.049569085
0.102913402
-0.118812367
-0.061271243
0.745691776
-0.664423168
0.565483868
0.014988736
-0.199019283
-0.118993953
0.779876411
-0.719015360
1.041891336
-0.458838522
-0.031022323
0.023286296
0.672159195
-0.499346673
0.248581082
0.242860645
0.017954884
-0.387921244
0.551228762
-0.365550131
0.965826690
0.289466083
-0.674996495
0.624666154
-0.254815698
0.054888178
0.062508591
-0.086031131
0.033717573
2.696775913
-2.433988333
-1.008630633
1.267185569
0.058293786
-0.295524955
0.658333063
-0.394800901
0.120842636
-0.110022143
0.189294919
0.011904199
0.120647326
-0.164928854
-0.214929566
-0.093841553
0.274302632
-0.307994843
0.609334767
-0.069345444
-0.259290159
-0.261089385
0.383449167
-0.155839488
0.028983982
-0.193755478
0.035800140
-0.200012952
0.442587733
-0.341213107
-0.232771724
0.365773171
-0.298908681
-0.135563537
0.590472162
-0.369453371
-0.182659432
-0.100487702
0.145863846
-0.402274877
0.606975079
-0.102457024
-0.636425793
0.072163619
-0.288190573
0.407301307
0.017237259
0.333153248
-0.476851910
0.550192356
0.000000000
-0.437347174
-0.292534709
0.588392317
-0.226137549
-0.007795147
-0.379910231
-0.078341760
-0.206953511
0.505164444
-0.460429758
-0.020341031
0.031722683
-0.094141491
-0.361729205
0.267587751
-0.073981144
-0.353015482
-0.557514787
0.615005255
-0.556553841
0.044960413
-0.166777313
0.034869578
-0.392340124
0.044303712
-0.139702886
-0.390982985
0.236443743
-0.379395574
-0.317324281
-0.217614442
0.319331288
-0.326439381
-0.470722914
0.024091722
-0.612094283
-0.364451438
1.931958318
-1.309128642
0.129509002
-0.928058326
1.061972260
-0.998014271
-0.056983624
0.161128953
0.186436370
-0.654637516
0.225741148
-0.146036491
-0.151993409
-0.202787548
0.449607253
-0.383901596
0.442271024
-0.308579266
-0.329305232
0.204433307
0.247320980
-0.251713723
0.115701646
-0.045377880
-0.003839955
-0.004065018
-0.074281678
-0.249038741
0.486246854
0.000000000
0.022755042
-0.266016692
0.258966178
-0.272772491
0.557789087
-0.534955084
0.120650075
0.885155320
0.867914796
-1.887314558
0.064634286
0.401720822
-0.747422874
0.277658135
0.182452872
-0.188282996
0.305234790
-0.102822736
-0.258808434
-0.285145015
0.784453869
-0.312201947
-0.194337770
-0.026174717
0.191848412
-0.140456498
0.507392228
-0.507392228
0.020034419
0.181850240
-0.114384592
-0.235248178
0.516984642
-0.244589970
1.110466599
-1.114682198
0.000216419
-0.376199365
0.938698471
-0.456453413
-0.241866946
-0.010043276
1.064141870
-0.435650200
-0.102457024
-0.134741530
0.265822321
0.043842863
0.528260052
-0.520854712
1.036136270
-0.110076398
-0.734367192
0.702200592
0.004016373
-0.391854405
0.554939866
0.138175249
0.242939606
-0.210815206
0.531194329
0.240506098
-0.099668652
0.069328956
0.250076354
-0.131080776
0.336420268
0.059401780
-0.029026855
0.295477957
-0.162926450
0.203045204
-0.055477154
-0.089541994
0.104900375
0.478379279
-0.508754194
0.766085625
-0.406493664
-0.007172065
0.050839845
0.347313851
-0.666483521
1.024530411
-0.741825163
0.754393876
0.138424739
-0.579323113
0.177481458
0.329707026
-0.270372540
0.270372540
-0.227065429
0.477831006
0.535811186
-0.752452791
-0.178149551
0.305287302
0.217124984
-0.159998506
-0.195479691
0.401214451
-0.351988405
0.154539272
0.024091722
0.492143422
-0.257202119
-0.145437524
0.099791102
0.459700644
-0.374682605
0.225033775
0.088655889
0.138639733
-0.351801634
0.359621137
-0.070038699
0.272740155
0.411403567
-0.449929744
0.700377464
-0.389947534
0.167488247
0.086067602
0.023271576
-0.047649737
0.431050450
-0.549264491
0.399655581
-0.148889944
-0.127089083
0.300446540
-0.132563755
-0.173345208
0.789253175
-0.728009105
0.194035560
-0.073385462
-0.614826500
0.113167249
0.738642812
-0.286326230
-0.256592512
0.139210135
0.138387710
-0.513148725
0.479948938
-0.268105119
-0.211843818
-0.007203265
-0.043842863
-0.477011830
0.836257994
-0.426782548
-0.517447710
-0.087391801
0.597223163
-0.672154367
-0.464099020
0.301671445
-0.059846025
-0.171079069
-0.039596327
-0.020708119
-0.095008753
-0.099899739
-0.296157241
-0.046602622
-0.504539669
0.892245054
-1.089707255
0.339720130
0.439674497
-0.356690705
-0.359000593
0.064854182
-0.286326230
-0.206683218
-0.234675065
0.315332919
-0.036062084
0.121293776
-0.495017529
0.346516311
-0.032934532
-0.088249452
-0.174492493
0.014248427
-0.132407084
0.160507381
-0.107972249
-0.371205866
0.038675703
0.241819367
-0.527974904
0.293929785
-0.522088051
-0.084121369
0.038385116
-0.127621174
-0.058026068
0.120444879
-0.082416125
-0.552968860
0.425398111
-0.432904571
0.225241736
-0.332440406
0.265762746
-0.774047077
0.455062449
-1.040996552
0.821819246
-0.250077933
-0.197721571
-0.385155886
0.159810632
-0.008888654
0.071307458
-1.517002106
-1.743430972
-3.002754927
-1.032767057
0.738456786
-0.175284058
-0.308357060
0.506107390
-0.163228035
-0.045884691
-0.157382876
-0.186661199
-0.116797283
0.714304566
-0.487949282
-0.287348241
0.310634524
0.277368069
-0.441543341
0.668211818
-0.288482815
-0.064532667
0.228745461
-0.082448043
0.112381332
0.246524483
-0.461896122
0.635599732
-0.352454245
0.537035346
-0.229296863
0.329569668
-0.329569668
0.490077078
-0.221676707
0.431388915
-0.101816468
-0.349296540
0.388389468
-0.721900344
-0.188795611
1.993832946
-0.996921241
0.312553376
0.066677660
0.192304417
-0.758874357
0.921800733
-0.062418807
-0.013385026
0.539451420
-0.483644903
0.793631315
-0.039172135
-0.339670748
-0.264466047
0.658994675
-0.434088856
0.892245054
-0.473841935
0.155856609
0.156334341
0.174140856
-0.580056965
0.651655853
-0.122497655
0.262914181
-0.038704298
0.512360036
-0.569526196
0.145342901
-0.207249895
0.501571178
-0.314017683
0.679764986
-0.432094961
0.320715725
0.066137180
-0.242163450
0.190524220
0.330309361
0.007812344
-0.477125645
-0.135609135
1.596995115
-0.476523697
-0.217684716
0.176057592
0.194694370
-0.590969503
0.858438730
0.005624954
-0.337796211
0.484457314
-0.365666211
0.662448525
-0.328887105
-0.107394956
-0.022114052
0.110715128
-0.163262472
0.380892456
0.074669503
-0.371467799
0.054663979
0.440316141
-0.515549004
0.445608348
-0.248424619
-0.059506007
0.052744698
0.126944840
-0.283481866
0.591355801
-0.519278705
-0.259029657
0.169830963
0.146983683
-0.354843378
0.443650246
-0.310998261
0.293673277
-0.195556968
-0.154731661
-0.209086955
1.110883236
-0.498483509
-1.171505928
0.918617129
-0.271557301
-0.083171248
-0.259995341
0.134741530
-0.400108635
0.763550341
-0.244793966
-0.511101604
-0.100664087
0.493117958
-0.908493936
0.780289054
-0.521395862
0.148663208
-0.078380384
-0.315331399
-0.061169315
0.638748050
-0.742669761
0.110571958
0.661554635
-0.454102874
-0.466051668
0.355467707
-0.234205768
0.227065429
-0.355102956
0.977345288
-0.765573084
0.238465831
-0.350736707
0.005627588
0.058469187
-0.310417950
-0.490145564
0.209592402
-0.408415943
1.738008857
-1.096255422
-0.128807932
-0.056477129
0.103943206
-0.566180646
0.701210678
-0.577936053
0.303162664
-0.143290207
0.202158481
-0.540109575
0.562540650
-0.664257526
0.361506194
-0.267632008
0.155498371
-0.652425408
0.496927053
-0.496927053
-0.035800140
0.005866857
0.092771485
-0.367135048
0.525748849
-0.263079017
-0.174961790
0.076845489
-0.085676461
-0.209497660
0.441023707
-0.436018229
0.228590906
0.565630078
-0.873343229
-0.424664140
0.565501869
-0.325711876
-0.282779098
0.450770408
-0.195253626
-0.793247283
-0.268941045
0.600367904
0.023032729
0.622587025
-0.730262339
0.310817838
0.038444914
-0.108483620
-0.310268044
0.566898882
-0.519999146
0.649059176
-0.133967370
-0.400386721
0.101648457
0.253016084
-0.647544682
0.760930479
0.140761793
-0.515006781
0.311488658
-0.194328144
-0.392056495
0.841986299
-0.373325884
-0.038077679
-0.155686706
0.062677376
-0.286127418
0.325098485
-1.025649905
1.578027010
-0.145005584
-0.485493213
0.070347346
0.280370772
-0.514415860
0.979200840
1.291510582
-1.804868460
-1.128272295
1.434151173
-0.869837999
0.967593074
-0.034127817
-0.089801960
0.190040931
-0.026094807
0.319299161
-0.344353288
-0.329789221
0.487893671
-0.018911501
0.058507826
0.351840943
0.386397213
-0.567567050
-0.043020774
-0.069206320
0.137677684
0.686214089
-0.897465765
0.690989375
-0.015666442
0.244109452
-0.119788378
0.371173620
-0.448566437
0.558376491
-0.086582266
-0.023227800
-0.187137619
0.061493438
-0.013412129
0.974481821
-0.778550804
0.181099728
0.132755503
0.208785146
-0.382618219
0.480637193
-0.357048631
-0.446885496
1.107689381
-0.343989283
0.430162787
-0.194277540
-0.074914739
-0.021966597
0.283317715
0.344855964
0.148478389
-0.068471365
-0.370058984
0.456370622
-0.111170873
-0.337395519
0.769051850
-0.263610691
0.087416291
0.093683437
-0.033541180
-0.079493269
0.354160905
-0.611432672
0.431360155
0.000000000
-0.146740615
-0.057951111
0.248457834
-0.308192223
0.340910017
-0.009528325
0.059401780
-0.295477957
1.610896945
-1.397305012
0.526532650
0.479100674
-1.149092555
-0.422552556
0.690555990
-0.535209000
-0.350284457
0.020598784
1.782586336
-1.143273592
0.142725423
-0.344957530
0.514622092
-0.386534154
-0.100544035
0.114350319
0.205840275
-0.430149943
-0.012410839
0.018556820
0.098383509
-0.565677464
0.442472398
-0.465999305
-0.310753673
0.224722549
-0.137418911
0.045103464
0.194125280
-0.422414601
-0.217071980
0.271009296
-0.105457611
-0.335224599
-0.008418197
0.300622046
-0.715982497
0.455680221
-0.448775351
0.329962969
-0.043709751
0.142524794
-0.484971344
0.422552556
-0.415412247
0.485736012
-1.100870252
1.053659678
-0.663925052
-0.324376136
0.246130154
0.296505243
-0.697721362
0.594690144
-0.560885191
0.084672108
-0.395433456
-0.135238886
0.086789697
0.555644333
-0.573290825
0.107597858
0.036645595
0.016289713
-0.201647639
0.235294595
-0.239231586
0.147568062
-0.098225437
0.075012341
-0.560037851
0.543953419
-0.235891759
0.216059834
-0.159746110
-0.191151932
-0.079890475
0.342349827
-0.421908498
-0.070234932
0.275501877
0.093913473
-0.188102439
0.290172309
-0.450064719
0.069207259
0.090685166
-0.679493189
-0.679287612
2.376828194
-1.363918543
0.063472621
0.276173294
0.105962418
-0.679794133
0.717530012
-0.392126471
0.504022956
-0.381161720
-0.028100289
-0.209185913
0.679908812
-0.310830534
0.221326709
0.040161185
0.012773575
-0.551433563
0.715623796
-0.235891759
0.216541156
-0.009455544
-0.066437699
-0.323834121
0.577783048
-0.491910845
0.444816232
-0.145090088
0.398001939
-1.460652471
1.052382469
0.058651235
0.483453482
0.100664087
-0.415811807
0.145774946
0.442031682
2.468556881
-2.244542599
-0.557167470
0.206928000
-0.184409276
0.439604163
-0.401628494
0.061693002
0.547157466
-0.274758339
0.140003011
-0.342119306
-0.207359150
0.355778247
0.113828257
-0.052535128
-0.154824033
0.280123055
-0.474622995
0.178820029
0.116932340
-0.241935477
-0.201436251
0.556883812
-0.521026134
0.593492746
0.202356756
-0.661124408
0.493807763
-0.228740305
-0.363183588
0.324376136
-0.125278056
-0.015645294
-0.205504209
0.007322405
-0.252035290
0.497208714
-0.405368060
0.204700202
-0.045381412
0.522073448
-0.881936669
-0.357016444
1.664057255
-0.417810649
0.295175701
-0.376886368
-0.769656360
1.084912062
-0.430726141
-0.294286668
0.161158457
0.366322935
-0.366322935
0.315693438
-0.190369457
-0.402369320
0.759470105
-0.651040494
-0.301434070
0.711073756
-0.592825592
0.168348864
-0.141673878
0.141673878
-0.375066966
0.566339254
-0.404837459
0.000000000
0.436168402
-0.520814180
-0.204184964
0.942000031
0.177875265
-1.132450700
0.066998504
0.266512424
-0.417705178
0.267069280
-0.211093321
0.428777993
0.723793983
-1.574480534
0.087171681
0.392762899
-0.210675403
-0.075207718
0.054499596
0.140980095
-0.488760769
0.287613750
-0.089796022
0.101090960
-0.262741923
-0.110583946
-0.209448174
0.423550129
-0.431388915
0.404565245
-0.611924410
0.401859105
-0.394427449
0.137418911
-0.224722549
0.162910044
-0.177027538
0.238840029
-0.522088051
0.678608894
-0.359822869
-0.374271363
0.019647241
0.882682085
-0.846843958
0.647320211
0.475805730
-1.028117180
-0.147983357
0.378963888
-0.503283679
-0.180006459
0.354492605
-0.207722098
-0.412424088
1.542461038
0.021326881
-1.364956498
0.173538566
0.081227034
-0.321055710
-0.023326218
-0.034458775
0.026069710
-0.143372446
0.778469682
-0.728948891
0.025273979
0.035895340
-0.267542213
-0.226355284
0.453442305
-0.699290812
0.433528066
-0.156482726
-0.304733813
0.166094080
-0.103031218
0.080512501
-0.565483868
0.256592542
0.158482209
-0.220389202
0.102679603
0.044984736
-0.097371213
-0.226547554
0.607547164
-0.625978231
-0.127621174
0.241661638
-0.102136284
2.486187220
2.025658131
1.998667121
-0.519531190
0.542759001
-0.490316421
0.417151958
-0.705657423
0.629415572
-0.436373383
0.634150922
-0.274261475
0.110999011
0.047117464
0.128634885
-0.343317747
0.630723298
-0.096881330
-0.209199727
-0.261428565
0.753946006
-0.290581703
0.564868987
-0.096208610
-0.138906538
-0.150176316
0.406807125
-0.209840208
0.030969599
-0.471349955
0.432606101
0.427079290
-0.030132717
-0.069767021
0.006536691
-0.810544670
0.873775005
0.194974244
0.127616376
-0.494814664
0.342084020
0.271163732
-0.478492379
0.653023303
-0.627886236
0.801377475
-0.222180754
0.274823397
-0.390540272
0.589638352
-0.599762857
0.265752196
-0.133964062
0.467974693
-0.680691659
0.409126967
-0.089269616
0.068143658
-0.238503680
0.748977065
-0.797143936
0.587192237
0.054884810
-0.007841168
-0.326439381
0.855094731
-0.450466841
0.506150603
-0.260302097
0.151098087
0.240472838
0.129333526
-0.079212420
0.587737799
0.866608500
-1.426444054
0.161758184
0.421374500
-0.096549414
-0.070897758
0.524387479
0.394084424
0.425472498
-1.229032278
0.836257994
-0.404059142
0.354478240
-0.718929648
0.886224508
-0.173002064
0.000000000
-0.267349035
0.582384467
-0.075803831
-0.355230838
0.252309442
-0.214134321
-0.077735387
0.353662074
-0.192395329
-0.121706471
-0.180580363
0.127534211
-0.373199582
0.550664663
-0.519306779
-0.515083671
0.538560033
-0.046991661
-0.492517442
0.313697428
-0.111761667
-0.572275400
0.304926366
-0.081462860
0.146876171
0.390800595
-0.695445478
-0.335967571
0.167844966
-0.253785908
0.199679077
-0.234376013
0.139549732
-0.182290986
-0.744623005
0.708466589
0.249176919
-0.703997493
0.483743101
-0.119397625
-0.381016493
0.067450702
0.351541430
-0.754936695
0.459814250
-0.364350826
0.161650971
0.118158661
0.572875202
-0.986710310
0.521730900
-0.175214574
0.105494492
-0.407781333
0.339441746
-0.333734572
0.281906545
-0.276159495
-0.082052201
-0.129919574
0.803327560
-0.723281443
0.210267425
-0.672091424
0.453647941
-0.575599849
1.112028718
-0.574459851
0.375776798
-0.458557546
0.173703611
1.031574249
-0.431388915
-1.087578416
0.329624414
-0.084901795
-0.042968102
-0.407941341
0.578642130
-0.404560208
-0.357100755
0.023384510
0.495330095
-0.698521733
0.406493664
-0.320698798
-0.116648354
-0.233028695
0.202448949
-0.330426365
0.322830409
-0.201614335
-0.020062355
0.013337773
0.503846049
-0.670780063
0.367698312
-0.052365750
-0.022051444
0.127857432
0.732505858
-1.113135219
0.591404378
0.038866594
-0.179807141
-0.155252486
1.100214124
-0.765154421
0.957360029
-0.577593505
-0.024663066
0.024663066
0.337444156
-0.595646381
-0.152635708
1.855802655
-0.712449431
-0.614266455
0.644866884
-0.390387744
0.622895420
0.187656835
-0.062378775
-0.101866350
0.394556999
-0.245848492
0.023286296
0.635590136
-0.268075824
0.207176954
0.085563757
-0.621728837
0.566768527
0.000018595
-0.085803457
0.374878764
-0.222229451
-0.178630993
0.094012119
0.182086825
-0.371780902
0.063219629
0.211093321
-0.550594926
-0.394223183
1.082337379
-0.405885547
-0.024627488
0.189469010
-0.213531077
0.271837711
0.307677388
0.605106294
-1.039129615
-0.236713022
0.157511383
0.045180991
0.125249431
-0.013806291
-0.334636539
0.402117640
-0.067481160
0.201969042
0.798545599
-0.906373203
0.286326230
-0.047094639
-0.044546057
0.355909407
0.160430863
-0.607501149
0.756245852
-0.101816468
0.163846701
-0.069834441
0.561061263
-0.725356340
0.789161801
-0.287490040
-0.096377701
0.185438395
0.288455695
-0.153831735
0.165673703
-0.023839878
0.052803431
-0.159596622
0.199082077
-0.362680227
0.764157236
-0.277715653
0.487555861
-0.206007570
-0.457571983
-0.024091722
0.263466537
-0.821098804
0.661156833
-0.062730983
0.198437899
-0.455873162
0.279060394
-0.078353710
0.052503951
0.004224627
-0.052697882
-0.396372795
0.502590895
-0.398958832
-0.018675519
0.089796014
0.090999603
-1.079500556
0.977046728
-0.290832579
-0.316155106
-0.438530385
0.847874045
-0.823528826
0.492517442
-0.031369496
-0.485493213
-0.122530907
0.437786639
-0.166777313
0.635437667
-0.874920785
0.198808655
-0.510831654
0.665917635
-0.453685790
0.513626218
-0.310737401
-0.108449228
-0.545521140
1.033736825
-0.676096141
0.102752030
-0.172414571
0.221167579
-0.135663867
0.516556323
-0.429645449
0.146163598
0.163298368
-0.174752608
-0.391293138
0.664349377
-0.577217579
0.190982848
0.159953788
0.127977371
-0.436495304
0.825761676
-0.882896900
-0.004150187
0.097600803
0.036954474
-0.873560131
0.655151248
-0.156266972
-0.514529586
-0.062219169
0.504857481
-0.655435979
0.072638221
-0.294090211
-0.292392671
0.012096183
0.107522316
-0.227889076
-0.059852049
0.139904320
-0.246094644
-0.390110224
0.627854109
-0.791939616
-0.814020634
0.970370114
-0.203191653
-0.084719531
-0.421431065
0.091004722
-0.369803458
0.464344501
-0.294505507
0.009168612
-0.109501146
0.203940779
-0.237610877
0.421933353
-0.327472270
0.091757841
-0.268500179
0.564726710
-0.777549028
0.750286698
-0.103016786
-0.106039159
-0.252268553
0.358307749
-0.318596691
0.435172558
-0.334739506
0.701141417
0.353636831
-0.539558172
-0.253205448
0.860180557
-0.553534865
0.378611207
0.280730188
-0.386536211
-1.238856554
1.873964071
-0.791115522
-0.333385050
0.949093640
-0.103097752
0.257164955
-0.063587330
0.098815039
-0.045051459
0.290030122
-0.178132787
-0.156349659
0.138846442
0.088176705
-0.108838685
0.666764855
-0.619641662
0.482222766
-0.405377269
0.339494139
-0.136912584
0.026222482
-0.186767817
0.703951597
-0.681995571
0.604036093
0.184634805
0.007457310
-0.424767137
0.302884877
-0.249581769
0.695513964
-0.011002009
0.186486885
-0.179879084
0.254305750
-0.379603505
-0.194357976
1.348075867
-0.532430828
0.977210283
-1.050885320
0.858392358
0.126944840
0.039786458
-0.287266284
0.521374404
-0.089020394
0.416756958
-0.228333712
0.429734021
-0.238589257
0.509232759
-0.201436251
0.629350424
-0.427914172
0.618337512
0.162427545
-0.029695965
0.511236668
-0.343179673
0.098416500
0.108951584
-0.046303600
0.254129410
0.283147156
-0.414185137
1.447348118
-1.186509132
-0.412834585
1.049881101
0.872237504
-1.207202196
-0.093931690
0.109491073
-0.023354530
-0.360423833
0.058679868
-0.352441967
1.397589087
-0.524520755
-1.542300463
1.055011511
-0.223098010
-0.210497215
0.031526186
0.097031310
-0.653952718
0.612605214
-0.311824530
-0.071896620
0.595347941
-0.488982797
-0.424228072
0.536940634
-0.147181064
-0.075678930
0.134427801
-0.296547890
0.434148580
-0.170297354
-0.585184574
0.224462554
0.078195289
0.155197784
-0.621197045
0.626393259
-0.804739833
0.967666268
1.367751122
-2.032174349
-0.226464316
0.554919899
-0.742685258
0.649874866
-0.554015696
0.526188254
1.652561069
-1.777737498
-0.948427618
0.957243323
-0.813886762
0.488215744
-0.277368069
0.215934843
-0.015170634
-0.259587735
-0.347871780
0.511250913
-0.097831011
-0.491019487
-0.285336912
0.522408724
-0.336862981
0.122449055
-0.060775310
-0.529080510
-0.249671519
0.557602167
-0.708180726
0.641876996
-0.649140954
-0.049975164
-0.293678999
0.179423422
-0.366441578
0.589575589
-0.475980073
-0.179710582
-0.265024096
0.355230838
0.075803831
-0.213323176
-0.496113688
-0.202701449
-0.108483620
0.139814585
-0.454962313
0.810368836
-1.121199369
-1.051650167
2.089059353
-1.086751699
0.524894476
-0.011904199
-0.350594610
0.452430904
-0.471342385
0.348481178
-0.106655054
-0.006343198
-0.409959584
0.601473331
-0.240838498
0.183347955
0.000000000
0.419477463
-0.514859140
0.629564285
-0.622989476
0.074756294
0.108429573
0.462174833
-0.484390199
0.462018967
-0.302384704
0.799547017
-0.650838554
-0.125323996
-0.473851383
1.240915895
-0.364695221
0.341326445
-0.457213312
0.376188993
0.085770249
0.018622879
0.827189445
-0.845812321
-1.210679173
0.892295301
-0.181221515
0.403014660
-0.155115455
0.256415814
-0.690504670
0.809316993
-0.707668543
0.442692608
0.190864861
-0.474346727
-0.542989075
0.779056966
-0.265633911
0.346933275
-0.112227097
-0.372125089
0.023286296
0.578017712
-0.827659249
0.774232686
-0.097410582
0.156810045
0.517255485
-0.556708038
0.217603117
-0.170317143
-0.909988523
1.451601624
-0.313709855
-0.167565390
0.512140810
-0.156175837
-0.012647193
0.513014078
-2.705629826
2.639466286
0.157124311
-0.044170145
0.815292418
-0.285389900
0.292992860
-0.264727801
0.257826895
-0.024650032
0.514669061
-0.418226898
0.644038618
-0.078361154
0.524703860
-0.068471365
-0.194418579
-0.007405335
0.422973752
-0.343101770
0.513250470
-0.038462508
-0.084400237
0.379976332
-0.550406754
0.922878444
-0.524544775
0.000000000
-0.123476334
0.047215741
-0.063402489
0.448700458
0.000000000
0.218135491
-1.295680523
0.976170480
-0.012881002
0.525215864
-0.863628745
0.473894030
-0.021225581
0.109575205
-1.094641209
1.233738542
-0.291139513
0.453427106
-0.499299765
0.174923643
0.105805978
-0.313027948
-0.028570145
0.243197471
-0.175754204
0.220714614
-0.284724802
-0.036517579
0.030331943
0.421997428
-0.270036876
0.712675154
-0.558554709
-0.089587830
0.112494871
0.393973738
-0.535463333
0.636030257
-0.362380832
0.086173497
0.343989283
-0.190643176
0.229516283
0.031322714
0.304644883
-0.368265897
0.237438530
-0.361316055
0.447091967
-0.323214471
0.504175067
-0.363766134
0.178514391
-0.716450214
0.603676736
-0.448609918
0.458076626
-0.248866364
-0.611254096
0.439803600
0.171450451
-0.712675154
0.766359270
-0.942665100
-0.204495803
-0.051712111
0.250408590
-0.274500281
-0.317055732
0.012410839
-0.562920809
0.735014141
-0.493426740
-0.409006864
0.120890424
0.023207199
-0.699906170
0.414788455
-0.247223049
-0.147568062
-0.137519345
0.265842557
-0.723878562
0.299885809
-0.167978078
-0.364861101
0.729693651
-1.008333683
-0.235790566
0.375273019
-0.334763855
-0.513344824
0.587328494
-0.286373913
0.096673377
-0.520915270
0.589198589
-0.220932662
0.173357442
-0.412588984
0.171251401
0.018637555
-0.044798862
-0.133715540
0.152053207
-0.135289490
0.264760733
0.071930580
-0.125597998
-0.084901787
0.076996818
-0.448700458
0.472668350
-0.093827806
-0.233065590
0.310830534
0.000000000
-0.262459368
0.262459368
-0.329624414
0.084645763
0.261171550
-0.148744449
0.056747694
0.174618870
-0.911657333
0.644719601
-0.302600294
-0.248107061
0.954374909
-0.577894807
-0.059165843
0.596201181
-1.403752565
0.318179637
0.460324734
-0.711455524
-0.142451793
0.424699545
-0.145541891
0.356316894
-0.116797283
-0.305656761
-0.117893368
0.191512808
-0.299753696
0.148696035
0.590861261
-0.695713997
0.224428728
0.084493794
-0.162330642
0.403918087
-0.133103818
-0.346358299
1.024924040
-0.460573584
0.230238721
0.101777345
0.158705056
-0.065079577
0.116896905
-0.235026702
0.839291036
-0.582127929
0.589478612
-0.029230598
0.119397625
-0.097517721
0.385634154
-0.633795023
-0.115150943
1.017544031
0.154579177
-0.034841798
0.023387546
0.022749202
0.330500036
-0.412915468
0.197736993
0.521982610
0.740646899
0.383000135
-0.342766166
0.100527756
-0.080917910
0.523353457
-0.262264132
0.828603387
-0.528877258
0.230098233
-0.013774349
-0.141608879
0.262889951
0.447134107
-0.153989255
0.423631340
-0.478489190
0.656768203
-0.135814667
0.223314732
-0.650394022
0.732014537
2.141214848
3.115003109
1.426081061
-0.212206274
-0.392957956
0.626086891
-0.645900369
0.273913801
0.245005518
-0.129509002
0.116940334
-0.317055732
-0.189294919
0.500125408
-0.795801878
0.376700819
-0.184122071
-0.150229990
-0.779402673
0.565323651
-0.303368717
-0.118582517
-0.235550910
-0.202925101
-0.045762446
0.740860343
-0.678397179
-0.393688589
0.180795625
-0.576305211
-0.308776766
0.439604163
-0.091906257
-0.502783895
0.268598080
-0.248424619
-0.121950783
-1.020788074
0.116119578
1.470308661
-0.842834175
0.504712462
-0.476652473
-0.190567404
0.589058161
-0.378224045
0.606964350
-0.475128233
0.339165628
0.300048172
-0.350677639
-0.234124660
1.034697294
-0.876887977
1.349134088
-0.561306775
0.240267053
0.163504034
-0.159837067
-0.297340393
0.618803203
-0.241969526
0.514631510
-0.164212808
-0.124270029
0.015820809
0.315403283
-0.508396208
0.417326510
-0.169045433
0.182676926
0.529575527
-0.683117867
-0.344170034
0.497712344
-0.323093504
0.053834278
-0.090230510
0.242226079
-2.055294752
1.080527782
0.633553028
-0.106673881
-0.878306925
0.666318953
-0.053046145
-0.044647139
-0.813227296
0.484674841
-0.047032077
-0.387056768
-0.404573500
0.599937499
-0.322737902
-0.376746953
0.116512604
0.032377344
0.205584630
